Résumé RMSE validation par cible :
- Exposure2012: 0.5358
- Contrast2012: 9.0896
- Highlights2012: 16.7908
- Shadows2012: 17.7824
- Whites2012: 14.9695
- Blacks2012: 8.6730
- Vibrance: 8.4352
- Dehaze: 0.1520

Exemple de prédictions (10 premiers samples de la validation) :
        pred_Exposure2012  true_Exposure2012  pred_Contrast2012  true_Contrast2012  pred_Highlights2012  true_Highlights2012  pred_Shadows2012  true_Shadows2012  pred_Whites2012  true_Whites2012  pred_Blacks2012  true_Blacks2012  pred_Vibrance  true_Vibrance  pred_Dehaze  true_Dehaze
id                                                                                                                                                                                                                                                                                          
1308_4          -0.341721          -0.696143          -0.723921           0.681614           -12.282129            -4.461883          7.604811         23.605381        -4.434012        -3.040359        -1.325914        -2.995516       1.045242      -7.784753    -0.039179    -0.013453
1251_5          -0.172479           0.129940          -0.147925           0.081571            -2.512688            -4.235650          0.306515         17.069486        -6.014423         0.655589        -0.815877         1.879154      -1.308509      13.027190    -0.027133    -0.060423
1646_2           0.015656          -0.490180          -5.389180           1.790419             0.167692             2.380240          7.110996         14.284431         0.366954        -1.485030        -3.390841         3.452096       3.609725       1.389222    -0.047281    -0.047904
307_1           -0.512871           0.361923          -2.232840         -24.080128             2.783230            -3.727564         -1.016200          1.862179        -6.915475        -5.272436        -2.017847         1.493590      -2.835516      18.323718     0.102967     0.000000
1346_5          -0.405230          -0.458529          -1.842155           0.700535            13.196993            28.740642         17.265665          8.176471         0.109845         8.676471         3.089440        -4.008021       3.362710       2.390374     0.061051     0.000000
1236_1          -0.354912           0.175362          -1.823595         -24.904605           -11.230650           -23.815789         23.470144         26.641447        -7.220801       -18.973684        -3.431666         4.661184      -3.008205      -2.559211    -0.023105    -0.029605
896_10           0.151973           0.053857           1.647113         -18.318386            -4.234231            -6.461883          5.413999        -17.394619        -0.166080         3.959641         6.038915         7.004484       1.166294      -6.784753    -0.032366    -0.013453
450_4           -0.411523          -0.788077          -5.026903          -0.080128             1.250517           -19.727564         -0.505326        -20.137821        -0.239125       -11.272436         2.472130         6.493590       5.699858       2.323718    -0.036826     0.000000
146_3           -0.336303           0.061837          -8.070661         -18.477032             2.231109           -11.162544          8.598983         -0.759717        -5.715004       -29.067138        -0.209524         0.466431      -0.094488      -4.749117     0.020189    -0.088339
1296_0          -0.178360          -0.638163          -5.634304           1.992933            -4.512790             2.611307          7.753646         12.007067         3.334059        18.508834        -4.258256        -1.717314      -1.465168      -4.088339    -0.035850     0.000000