Résumé RMSE validation par cible :
- Exposure2012: 0.5443
- Contrast2012: 9.1731
- Highlights2012: 16.9238
- Shadows2012: 17.8285
- Whites2012: 14.9436
- Blacks2012: 8.7236
- Vibrance: 8.4945
- Dehaze: 0.1080

Exemple de prédictions (10 premiers samples de la validation) :
        pred_Exposure2012  true_Exposure2012  pred_Contrast2012  true_Contrast2012  pred_Highlights2012  true_Highlights2012  pred_Shadows2012  true_Shadows2012  pred_Whites2012  true_Whites2012  pred_Blacks2012  true_Blacks2012  pred_Vibrance  true_Vibrance  pred_Dehaze  true_Dehaze
id                                                                                                                                                                                                                                                                                          
1308_4          -0.351073          -0.742129          -1.191202           0.867681           -10.522764            -6.506464          4.375371         23.033460        -6.765648        -3.504943        -1.058145        -2.901901       1.433941      -5.286692    -0.022697    -0.024335
1251_5          -0.187265           0.129782           0.032338           0.737273            -2.501251            -3.883636          0.154955         15.474545        -3.020885         0.846364        -0.811588         2.108182      -0.397498      13.090000    -0.018671    -0.040909
1646_2           0.231377          -0.441982          -6.799415           1.727729             2.661136             1.983689          6.500145         13.784191         4.506912        -0.941029        -3.272261         3.899624       5.606775       1.030113    -0.023343    -0.105395
307_1           -0.509973           0.370961          -3.997353         -23.066429            -0.913724            -0.755635          0.604111         -0.467378        -7.547992        -6.045077        -0.680856         2.264531      -1.170107      17.360617    -0.017230    -0.078292
1346_5          -0.405270          -0.320218          -2.540835           1.737273            15.510259            29.116364         12.082957          6.474545        -6.056885         8.846364         2.834451        -3.891818       3.260737       2.090000     0.000133    -0.040909
1236_1          -0.383171           0.257871           1.864040         -25.132319            -8.910497           -23.506464         20.297668         24.033460        -7.330638       -20.504943        -3.345089         5.098099      -2.531369      -3.286692    -0.016791    -0.024335
896_10           0.045482           0.070961           0.508437         -18.066429            -6.399084            -5.755635          6.028676        -17.467378        -2.504730         2.954923         4.502739         7.264531       1.350406      -5.639383     0.015997    -0.078292
450_4           -0.360046          -0.779039          -5.169250           0.933571            -2.662256           -16.755635          0.083850        -22.467378        -1.377117       -12.045077         0.709700         7.264531       5.508720       1.360617    -0.017776    -0.078292
146_3           -0.295582          -0.042129          -8.209587         -20.132319             3.158602           -13.506464         12.645638          4.033460        -2.510746       -27.504943         0.461737        -0.901901      -0.526206      -4.286692    -0.004364    -0.024335
1296_0          -0.099645          -0.742129          -4.463017           0.867681            -3.729069            -0.506464          8.680042         17.033460         2.886096        21.495057        -3.277798        -2.901901      -1.026140      -3.286692    -0.024138    -0.024335